12.951506
11.593665
12.451289
11.726843
13.585556
11.428914
12.517485
11.484582
12.365526
13.968803
17.759413
12.884400
12.931880
13.168838
16.543627
20.696861
12.368907
13.804395
13.119758
14.163144
12.232598
14.039003
10.472273
12.284786
13.879078
12.494793
12.333347
12.167824
12.594800
14.099208
13.233604
11.902732
12.967508
18.039877
11.900978
13.040413
12.990858
15.577615
12.144976
13.861578
13.274331
13.610585
15.394814
13.597309
13.631374
15.544989
10.611342
13.520110
12.364448
12.576399
15.786726
14.329790
15.276820
14.858976
13.091926
13.884667
12.812182
10.008265
12.688551
13.444829
11.856137
12.917286
12.429759
12.542777
13.445378
12.481098
15.279838
15.576731
12.371932
12.992569
14.088332
12.677062
25.023373
12.557793
11.716528
14.117052
13.417155
12.669496
15.690004
15.498364
14.120544
14.975858
13.059373
11.441041
12.275675
12.350766
12.962860
12.691178
16.390667
12.847377
13.713173
12.097953
14.112663
13.416300
13.583918
13.616839
13.203891
15.251936
12.806319
12.921958
